()
(0)
(01)
(02)
(024)
(03)
(04)
(05)
(06)
(07)
(08)
(09)
(1)
(1) (india)
(10)
(100)
(1000)
(101)
(102)
(103)
(104)
(105)
(106)
(107)
(108)
(109)
(10th use)
(10th)
(10x)
(11)
(110)
(111)
(112)
(113)
(114)
(115)
(116)
(117)
(118)
(119)
(11th use)
(11th)
(11x)
(12)
(120)
(121)
(122)
(123)
(124)
(125)
(126)
(127)
(128)
(129)
(12th)
(12x)
(13)
(130)
(131)
(132)
(133)
(134)
(135)
(136)
(137)
(138)
(139)
(13th)
(13x)
(14)
(14) (china)
(140)
(141)
(142)
(143)
(144)
(145)
(146)
(147)
(148)
(149)
(14x)
(15)
(150)
(151)
(152)
(152138)
(153)
(154)
(155)
(156)
(157)
(158)
(159)
(15x)
(16)
(160)
(161)
(162)
(163)
(164)
(165)
(166)
(167)
(168)
(169)
(16x)
(17)
(170)
(171)
(172)
(173)
(174)
(175)
(176)
(177)
(178)
(179)
(17x)
(18)
(180)
(181)
(182)
(183)
(184)
(185)
(186)
(187)
(188)
(189)
(18x)
(19)
(190)
(1901)
(1901) (1)
(191)
(192)
(193)
(194)
(195)
(196)
(197)
(198)
(199)
(19x)
(1]
(1st use)
(1st)
(1x)
(2)
(2) (2)
(2) (5)
(2) (germany)
(2) (russia)
(20)
(200)
(201)
(202)
(203)
(204)
(205)
(206)
(207)
(208)
(209)
(20th use)
(20x)
(21)
(210)
(211)
(212)
(213)
(214)
(215)
(216)
(217)
(218)
(219)
(21x)
(22)
(220)
(221)
(222)
(223)
(224)
(225)
(226)
(227)
(228)
(229)
(22x)
(23)
(230)
(231)
(232)
(233)
(234)
(235)
(236)
(237)
(238)
(239)
(23x)
(24)
(240)
(241)
(242)
(243)
(244)
(245)
(246)
(247)
(248)
(249)
(24x)
(25)
(250)
(251)
(252)
(253)
(254)
(255)
(256)
(257)
(258)
(259)
(25x)
(26)
(260)
(261)
(262)
(263)
(264)
(265)
(266)
(267)
(268)
(269)
(26x)
(27)
(270)
(271)
(272)
(273)
(274)
(275)
(276)
(277)
(278)
(279)
(27x)
(28)
(280)
(281)
(282)
(283)
(284)
(285)
(286)
(287)
(288)
(289)
(28x)
(29)
(290)
(291)
(292)
(293)
(294)
(295)
(296)
(297)
(298)
(299)
(29x)
(2^(nd) use)
(2^(nd))
(2nd use)
(2nd)
(2st use)
(2x)
(2x) (1)
(3)
(3) ()
(3) (3)
(3) (india)
(30)
(300)
(3003135)
(301)
(302)
(303)
(304)
(305)
(306)
(307)
(308)
(309)
(30x)
(31)
(310)
(311)
(312)
(313)
(314)
(315)
(316)
(317)
(318)
(319)
(31x)
(32)
(320)
(321)
(322)
(323)
(324)
(325)
(326)
(327)
(328)
(329)
(32x)
(33)
(330)
(331)
(332)
(333)
(334)
(335)
(336)
(337)
(338)
(339)
(33x)
(34)
(340)
(341)
(342)
(343)
(344)
(345)
(346)
(347)
(348)
(349)
(34x)
(35)
(350)
(351)
(352)
(353)
(354)
(355)
(356)
(357)
(358)
(359)
(36)
(360)
(361)
(362)
(363)
(364)
(365)
(366)
(367)
(368)
(369)
(37)
(370)
(371)
(372)
(373)
(374)
(375)
(376)
(377)
(378)
(379)
(38)
(380)
(381)
(382)
(383)
(384)
(385)
(386)
(387)
(388)
(389)
(39)
(390)
(391)
(392)
(393)
(394)
(395)
(396)
(397)
(398)
(399)
(3nd use)
(3rd use)
(3rd)
(3x)
(3x) (1)
(4)
(4) (7)
(40)
(400)
(401)
(402)
(403)
(404)
(405)
(406)
(407)
(408)
(409)
(41)
(410)
(411)
(412)
(413)
(414)
(415)
(416)
(417)
(418)
(419)
(42)
(420)
(421)
(422)
(423)
(424)
(425)
(426)
(427)
(428)
(429)
(43)
(430)
(431)
(432)
(433)
(434)
(435)
(436)
(437)
(438)
(439)
(44)
(440)
(441)
(442)
(443)
(444)
(445)
(446)
(447)
(448)
(449)
(45)
(450)
(451)
(452)
(453)
(454)
(455)
(456)
(457)
(458)
(459)
(46)
(460)
(461)
(462)
(463)
(464)
(465)
(466)
(467)
(468)
(469)
(47)
(470)
(471)
(472)
(473)
(474)
(475)
(476)
(477)
(478)
(479)
(48)
(480)
(481)
(482)
(483)
(484)
(485)
(486)
(487)
(488)
(489)
(49)
(490)
(491)
(492)
(493)
(494)
(495)
(496)
(497)
(498)
(499)
(4th use)
(4th)
(4x)
(5)
(50)
(501)
(502)
(503)
(504)
(505)
(506)
(507)
(508)
(509)
(51)
(510)
(511)
(512)
(513)
(514)
(515)
(516)
(517)
(518)
(519)
(52)
(520)
(521)
(522)
(523)
(524)
(525)
(526)
(527)
(528)
(529)
(53)
(530)
(531)
(532)
(533)
(535)
(537)
(538)
(539)
(54)
(540)
(541)
(542)
(543)
(544)
(545)
(546)
(547)
(548)
(549)
(55)
(550)
(551)
(552)
(553)
(554)
(555)
(556)
(557)
(558)
(559)
(56)
(560)
(561)
(562)
(563)
(564)
(565)
(566)
(567)
(568)
(569)
(57)
(570)
(571)
(572)
(573)
(574)
(575)
(58)
(59)
(5th use)
(5th)
(5x)
(6)
(60)
(61)
(62)
(63)
(64)
(65)
(66)
(67)
(68)
(69)
(6th use)
(6th)
(6x)
(7)
(70)
(71)
(72)
(73)
(74)
(747)
(75)
(76)
(77)
(78)
(79)
(7th use)
(7th)
(7x)
(8)
(80)
(81)
(82)
(83)
(84)
(85)
(86)
(87)
(88)
(89)
(897)
(8th use)
(8th)
(8x)
(9)
(90)
(91)
(92)
(93)
(94)
(943)
(95)
(96)
(97)
(98)
(99)
(996)
(999)
(9999)
(9th use)
(9th)
(9x)
(brand new)
(china)
(china) (1)
(china) (2)
(china) [1]
(china) [2]
(fifth use)
(first time)
(first use)
(fourth use)
(fresh blade)
(fresh)
(germany)
(germany) (1)
(germany) (2)
(germany) (3)
(germany) (4)
(germany) (7)
(germany) [10]
(germany) [11]
(germany) [12]
(germany) [13]
(germany) [14]
(germany) [15]
(germany) [16]
(germany) [17]
(germany) [1]
(germany) [2]
(germany) [3]
(germany) [4]
(germany) [5]
(germany) [6]
(germany) [7]
(germany) [8]
(germany) [9]
(india)
(india) (1)
(india) (10)
(india) (11)
(india) (12)
(india) (13)
(india) (14)
(india) (15)
(india) (16)
(india) (17)
(india) (18)
(india) (19)
(india) (2)
(india) (20)
(india) (21)
(india) (22)
(india) (23)
(india) (24)
(india) (25)
(india) (26)
(india) (27)
(india) (28)
(india) (29)
(india) (3)
(india) (4)
(india) (5)
(india) (6)
(india) (7)
(india) (8)
(india) (9)
(india) [1]
(india) [2]
(india)(2)
(india, 3rd or 4th use)
(japan)
(japan) [1]
(japan) [2]
(japan) [3]
(new blade)
(new)
(russia)
(russia) (1)
(russia) (3)
(russia) [1]
(russia) [2]
(russia) [3]
(second use)
(thailand) (1)
(thailand) (2)
(thailand) (3)
(thailand) (4)
(thailand, new)
(third use)
(usa)
(usa, blue box)
(vintage) [4]
(x1)
(x2)
(x3)
(x4)
10th use
11th use
12th use
13th use
14th use
15th use
16th use
17th use
18th use
19th use
1st use
1st use x2
20th use
21st use
22nd use
23rd use
24th use
25th use
26th use
27th use
28th use
29th use
2nd use
30th use
31st use
3rd use
4th use
5th use
6th use
7th use
8th use
9th use
[0]
[10]
[11]
[12]
[130]
[13]
[14]
[15]
[16]
[17]
[18]
[19]
[1]
[1] [first time]
[20]
[21]
[22]
[23]
[24]
[25]
[26]
[27]
[28]
[29]
[2]
[2x] (1)
[2x] (2)
[2x] (3)
[2x] (4)
[30]
[31]
[32]
[33]
[34]
[35]
[36]
[37]
[38]
[39]
[3]
[3x] (1)
[3x] (2)
[3x] (3)
[40]
[41]
[42]
[43]
[44]
[45]
[46]
[47]
[48]
[49]
[4]
[50]
[51]
[52]
[53]
[54]
[55]
[58]
[59]
[5]
[6]
[70]
[72]
[7]
[8]
[9]
[]
[china] (1)
[germany] (1)
[india] (1)
[india] (2)
[new]
[usa]
x2
x2 (1)
x2 (10)
x2 (11)
x2 (12)
x2 (13)
x2 (2)
x2 (3)
x2 (4)
x2 (5)
x2 (6)
x2 (7)
x2 (9)
x3
x3 (2)
x3 (3)
{10}
{11}
{12}
{13}
{14}
{1}
{2}
{3}
{4}
{5}
{7}
{8}
{9}
